Accuracy: 0.5806548763296168
Macro-F1: 0.4055815344878564
